10 - 12 5
17 - 16 11
9 - 8 13
1 - 11 11
2 - 4 16
11 - 4 1
7 - 13 11
6 - 15 16
14 - 5 7
10 - 5 17
23 - 5 16
4 - 10 13
2 - 20 5
20 - 19 1
2 - 7 18
20 - 7 17
18 - 17 6
4 - 16 3
3 - 4 3
8 - 22 11
10 - 7 6
4 - 5 7
13 - 14 15
6 - 2 1
15 - 18 4
13 - 7 4
14 - 8 18
1 - 2 6
3 - 2 17
5 - 7 10
17 - 21 4
1 - 7 13
2 - 6 1
14 - 8 13
11 - 5 14
11 - 19 3
2 - 5 3
1 - 16 1
10 - 7 8
22 - 13 13
17 - 1 7
2 - 1 3
1 - 2 6
20 - 14 5
16 - 13 3
11 - 2 9
7 - 14 17
9 - 23 13
13 - 17 10
8 - 7 8
21 - 20 5
15 - 14 18
13 - 2 19
11 - 4 19
18 - 5 1
4 - 10 16
14 - 19 18
7 - 8 15
14 - 3 6
23 - 6 4
1 - 2 13
8 - 20 1
4 - 1 4
14 - 6 16
2 - 11 19
4 - 13 17
17 - 2 19
24 - 10 18
14 - 11 4
4 - 2 18
18 - 14 2
20 - 2 15
21 - 8 14
16 - 7 15
17 - 2 10
16 - 2 2
5 - 1 13
2 - 14 16
4 - 14 7
7 - 11 17
17 - 16 11
2 - 3 17
21 - 20 3
13 - 1 16
21 - 1 11
1 - 18 16
1 - 8 18
21 - 17 17
5 - 1 9
14 - 2 17
9 - 20 5
2 - 11 14
3 - 7 12
14 - 2 19
14 - 11 14
11 - 15 18
19 - 7 19
1 - 23 1
10 - 11 6
22 - 16 7
2 - 3 10
17 - 4 14
18 - 4 18
17 - 15 12
3 - 18 13
17 - 14 2
16 - 4 10
11 - 5 4
4 - 16 15
24 - 17 5
3 - 15 13
13 - 16 9
13 - 17 10
4 - 16 13
14 - 20 9
19 - 13 14
14 - 3 6
1 - 13 3
2 - 8 1
15 - 18 19
8 - 5 9
8 - 10 13
13 - 20 1
7 - 1 5
17 - 5 1
2 - 7 18
23 - 11 4
18 - 15 10
14 - 22 1
17 - 6 8
22 - 14 7
10 - 4 15
2 - 8 8
6 - 23 6
2 - 6 17
23 - 18 19
8 - 2 5
1 - 6 6
13 - 14 11
4 - 5 11
23 - 22 6
21 - 1 17
8 - 1 15
13 - 14 6
1 - 5 11
17 - 1 4
9 - 3 9
1 - 13 6
13 - 1 8
10 - 22 13
3 - 6 5
3 - 1 11
3 - 2 18
7 - 10 15
2 - 1 10
2 - 5 5
2 - 1 1
10 - 7 19
2 - 1 16
8 - 1 11
7 - 2 9
4 - 1 9
5 - 16 6
11 - 4 14
14 - 2 16
2 - 6 17
2 - 6 12
24 - 5 11
8 - 2 16
5 - 12 18
8 - 20 1
16 - 2 17
5 - 12 3
10 - 7 7
13 - 20 10
3 - 14 18
24 - 8 7
18 - 3 2
22 - 17 9
14 - 2 16
17 - 8 9
10 - 20 12
19 - 20 1
14 - 2 10
7 - 14 12
3 - 6 9
4 - 2 19
19 - 11 15
1 - 2 1
5 - 13 3
24 - 23 17
7 - 22 19
4 - 2 15
1 - 7 3
2 - 5 4
17 - 14 15
2 - 1 10
23 - 19 19
10 - 8 14
6 - 3 10
2 - 1 5
1 - 2 5
19 - 14 10
14 - 15 15
1 - 8 13
7 - 8 6
14 - 17 14
17 - 1 17
21 - 5 17
3 - 2 17
19 - 12 13
19 - 14 1
2 - 7 8
16 - 17 15
16 - 17 14
18 - 16 15
9 - 2 1
14 - 3 4
3 - 2 11
1 - 7 9
9 - 6 5
1 - 19 14
1 - 7 19
14 - 20 3
11 - 7 2
22 - 14 2
13 - 2 16
13 - 2 7
24 - 21 12
17 - 5 4
17 - 5 4
14 - 21 12
2 - 4 13
7 - 1 1
1 - 13 12
8 - 2 17
4 - 16 15
14 - 1 16
2 - 1 1
17 - 5 9
11 - 8 2
10 - 23 14
8 - 12 12
8 - 2 13
5 - 17 6
14 - 13 19
2 - 17 8
8 - 13 8
13 - 19 7
8 - 7 7
17 - 13 3
7 - 1 11
4 - 1 2
16 - 5 11
1 - 10 2
10 - 4 7
14 - 8 8
19 - 11 6
13 - 19 7
2 - 7 16
14 - 1 7
6 - 2 5
23 - 10 14
1 - 16 8
5 - 17 17
7 - 15 1
8 - 1 16
7 - 4 17
2 - 24 17
7 - 4 11
4 - 1 9
7 - 2 17
14 - 20 19
19 - 20 6
14 - 8 6
3 - 7 13
19 - 23 2
2 - 3 15
14 - 13 10
8 - 3 19
5 - 14 16
15 - 1 13
1 - 3 12
2 - 14 14
22 - 7 18
16 - 18 16
8 - 1 7
8 - 7 10
5 - 10 1
8 - 1 6
8 - 10 6
15 - 3 2
22 - 23 18
22 - 4 2
1 - 11 19
7 - 14 1
17 - 8 6
22 - 1 13
7 - 6 15
16 - 17 10
5 - 14 4
2 - 1 4
13 - 23 6
10 - 5 13
9 - 10 9
19 - 23 14
8 - 7 17
11 - 14 7
4 - 22 2
20 - 8 3
15 - 5 14
18 - 2 11
1 - 14 17
7 - 10 16
15 - 5 19
24 - 21 19
8 - 10 16
13 - 16 9
11 - 5 2
14 - 19 2
2 - 1 6
5 - 8 15
1 - 13 15
21 - 7 15
23 - 5 13
6 - 11 6
4 - 20 9
10 - 8 15
14 - 15 12
17 - 18 2
10 - 8 2
4 - 14 2
8 - 2 12
4 - 17 16
22 - 16 18
23 - 17 5
7 - 16 15
19 - 3 10
7 - 2 3
9 - 1 12
7 - 1 15
8 - 20 18
19 - 13 18
5 - 2 17
9 - 14 4
22 - 13 3
2 - 23 11
1 - 4 3
6 - 5 19
2 - 5 17
4 - 18 13
5 - 2 15
7 - 20 8
9 - 10 10
14 - 8 9
11 - 5 16
6 - 18 12
15 - 2 8
3 - 2 18
5 - 1 6
14 - 20 1
18 - 20 2
23 - 21 4
16 - 13 2
8 - 4 11
8 - 1 5
2 - 1 11
4 - 11 18
1 - 14 11
3 - 15 12
8 - 10 19
19 - 17 18
1 - 13 1
19 - 5 3
19 - 20 12
2 - 5 18
3 - 14 8
19 - 1 6
3 - 2 16
19 - 12 6
14 - 15 1
5 - 14 5
5 - 11 1
8 - 22 13
1 - 10 4
8 - 22 11
7 - 19 14
7 - 1 2
17 - 21 5
20 - 5 15
7 - 4 13
4 - 1 18
2 - 8 1
19 - 16 18
4 - 8 5
2 - 1 13
8 - 2 8
