4 - 2 14
4 - 7 4
11 - 5 21
6 - 4 2
3 - 4 13
1 - 8 11
10 - 8 1
1 - 8 5
4 - 6 8
14 - 12 20
13 - 8 15
12 - 5 2
9 - 2 17
4 - 9 8
8 - 11 4
7 - 4 3
8 - 11 23
3 - 6 2
11 - 8 9
6 - 13 16
3 - 4 8
10 - 14 21
12 - 2 12
8 - 1 2
6 - 1 11
13 - 8 11
2 - 9 25
4 - 1 27
10 - 4 16
4 - 11 14
10 - 8 18
3 - 2 10
14 - 13 26
9 - 11 3
11 - 4 25
1 - 2 4
3 - 1 8
10 - 8 14
5 - 1 7
5 - 4 29
11 - 10 27
4 - 5 8
2 - 1 21
11 - 1 12
8 - 4 25
5 - 7 14
2 - 11 4
11 - 12 25
1 - 13 22
1 - 11 9
5 - 4 7
6 - 3 26
10 - 8 21
10 - 8 5
8 - 14 1
11 - 7 10
1 - 9 24
6 - 4 26
13 - 14 1
13 - 4 27
2 - 9 14
10 - 13 29
2 - 8 23
11 - 10 9
4 - 10 16
6 - 3 14
10 - 1 14
12 - 4 15
3 - 6 15
11 - 12 24
1 - 8 2
11 - 4 26
5 - 8 17
3 - 10 11
1 - 11 27
1 - 6 4
4 - 3 14
2 - 4 12
3 - 10 28
14 - 13 3
9 - 2 24
5 - 4 23
11 - 4 10
9 - 8 27
10 - 13 18
2 - 9 28
4 - 3 11
11 - 8 14
12 - 6 11
1 - 5 28
11 - 1 28
2 - 3 9
1 - 9 5
11 - 8 19
4 - 6 19
8 - 9 7
5 - 12 5
5 - 2 19
1 - 8 26
4 - 1 6
4 - 8 13
3 - 11 15
9 - 4 14
8 - 3 26
5 - 12 5
1 - 5 6
7 - 6 21
11 - 8 12
8 - 9 20
6 - 13 12
1 - 4 18
2 - 4 8
13 - 11 19
14 - 11 19
1 - 2 10
4 - 14 25
8 - 1 20
5 - 4 17
5 - 3 7
