3 - 5 49
8 - 6 41
3 - 6 17
9 - 6 15
8 - 5 12
6 - 1 22
4 - 3 43
1 - 2 25
3 - 4 38
6 - 1 3
6 - 1 33
1 - 2 28
3 - 7 30
7 - 2 19
4 - 8 38
4 - 7 47
1 - 2 26
3 - 4 43
9 - 6 29
4 - 2 34
1 - 2 4
8 - 2 23
8 - 7 0
4 - 2 46
2 - 5 32
5 - 3 24
1 - 3 15
3 - 4 3
2 - 1 47
1 - 4 45
5 - 6 17
3 - 8 8
3 - 2 35
2 - 5 44
3 - 1 21
8 - 1 10
3 - 6 29
3 - 1 34
6 - 5 7
1 - 2 23
5 - 7 48
7 - 3 35
7 - 8 19
5 - 3 34
4 - 5 25
5 - 3 14
5 - 6 32
3 - 8 2
8 - 4 27
4 - 5 32
7 - 6 29
2 - 3 22
5 - 1 9
4 - 2 21
3 - 4 33
4 - 5 37
5 - 4 29
3 - 4 30
2 - 1 23
7 - 5 11
4 - 3 27
1 - 7 39
4 - 3 17
3 - 7 46
8 - 6 4
