7 - 5 13
5 - 3 9
4 - 8 30
8 - 7 18
2 - 4 10
4 - 2 42
8 - 6 2
2 - 7 26
9 - 7 35
3 - 4 20
1 - 6 3
1 - 2 35
7 - 8 15
7 - 8 0
5 - 8 6
3 - 4 27
2 - 6 35
2 - 5 10
6 - 5 18
5 - 3 0
1 - 6 20
2 - 8 28
3 - 2 11
2 - 1 15
6 - 3 6
3 - 7 23
1 - 6 6
5 - 2 45
3 - 6 47
7 - 1 10
5 - 2 28
1 - 3 27
8 - 4 37
8 - 7 9
4 - 3 29
9 - 2 15
5 - 8 34
8 - 1 42
7 - 8 33
8 - 1 44
4 - 3 42
2 - 6 16
5 - 2 5
7 - 6 47
6 - 8 1
8 - 3 26
6 - 2 42
8 - 6 41
2 - 6 41
7 - 3 38
5 - 6 34
8 - 2 15
2 - 5 15
5 - 1 23
2 - 3 2
4 - 2 17
3 - 7 42
2 - 3 18
2 - 3 45
