17 - 13 40
7 - 6 19
6 - 7 15
10 - 11 23
1 - 2 36
12 - 10 16
6 - 7 36
2 - 13 26
11 - 10 49
11 - 16 1
14 - 9 11
13 - 11 28
12 - 14 43
12 - 16 49
13 - 10 45
15 - 1 0
8 - 10 26
6 - 4 18
1 - 8 28
7 - 11 36
13 - 12 43
9 - 2 17
1 - 7 27
17 - 8 13
1 - 2 1
4 - 9 31
3 - 10 26
1 - 10 14
9 - 3 21
10 - 15 8
10 - 8 23
2 - 8 24
11 - 13 34
2 - 12 21
8 - 19 20
10 - 9 43
15 - 11 50
10 - 15 50
15 - 7 7
13 - 10 42
10 - 2 41
4 - 7 37
1 - 3 39
11 - 12 11
16 - 15 42
10 - 3 16
4 - 11 40
1 - 3 8
7 - 16 37
8 - 9 12
17 - 11 38
3 - 8 2
3 - 1 28
18 - 7 25
13 - 8 2
11 - 5 20
3 - 12 6
2 - 6 43
6 - 8 47
10 - 8 12
4 - 6 14
17 - 7 10
7 - 8 48
3 - 11 29
17 - 9 19
4 - 6 15
15 - 9 34
10 - 12 16
8 - 3 2
13 - 11 15
12 - 10 37
17 - 15 45
3 - 4 32
17 - 12 45
9 - 4 25
16 - 11 14
9 - 8 30
16 - 7 23
13 - 11 40
6 - 10 15
5 - 12 27
4 - 2 27
17 - 15 39
7 - 6 10
7 - 16 46
11 - 12 34
10 - 6 6
1 - 13 20
7 - 16 45
7 - 17 1
1 - 7 18
15 - 16 39
2 - 4 34
3 - 11 0
4 - 2 34
2 - 1 32
4 - 3 3
2 - 10 20
12 - 3 14
7 - 3 33
13 - 8 6
13 - 12 22
15 - 6 22
2 - 1 40
15 - 7 3
2 - 3 4
4 - 3 44
6 - 9 27
3 - 17 32
17 - 14 15
12 - 10 24
2 - 11 0
1 - 2 26
9 - 16 0
3 - 4 1
16 - 10 43
11 - 13 5
10 - 12 33
3 - 2 36
16 - 1 22
3 - 10 8
9 - 7 35
16 - 8 33
18 - 13 5
17 - 15 17
10 - 9 1
4 - 13 42
9 - 7 45
9 - 5 48
13 - 11 43
4 - 2 46
6 - 1 23
6 - 7 30
6 - 1 41
11 - 10 10
11 - 12 48
11 - 2 47
3 - 17 33
6 - 4 5
2 - 15 27
12 - 11 10
1 - 7 40
18 - 13 2
7 - 6 2
9 - 4 32
12 - 10 44
9 - 13 44
17 - 3 25
11 - 12 29
15 - 6 30
18 - 13 3
7 - 8 1
9 - 2 23
5 - 3 12
7 - 4 10
12 - 8 19
2 - 12 19
10 - 1 17
12 - 13 8
10 - 7 44
19 - 17 25
16 - 11 30
12 - 1 5
2 - 7 11
2 - 5 19
10 - 9 1
12 - 1 41
10 - 4 32
6 - 2 50
7 - 15 29
12 - 18 37
2 - 1 21
17 - 9 44
7 - 17 38
4 - 18 4
10 - 12 1
18 - 8 44
18 - 8 44
4 - 7 1
17 - 7 17
5 - 1 16
15 - 14 10
12 - 15 18
2 - 13 36
2 - 3 16
1 - 3 25
9 - 2 6
7 - 2 46
14 - 18 35
4 - 2 40
3 - 8 10
10 - 11 30
2 - 3 25
17 - 18 30
16 - 7 12
1 - 2 32
3 - 5 15
3 - 9 4
4 - 5 34
10 - 12 48
12 - 10 4
2 - 7 10
9 - 4 38
10 - 13 4
3 - 12 31
4 - 10 33
5 - 13 25
3 - 1 1
9 - 3 50
7 - 9 30
4 - 11 3
7 - 9 18
3 - 2 50
14 - 11 37
2 - 1 38
10 - 1 2
4 - 10 22
7 - 18 24
12 - 9 24
6 - 17 45
8 - 3 3
7 - 8 26
8 - 3 31
16 - 6 30
1 - 10 22
14 - 3 46
4 - 10 17
17 - 16 4
4 - 13 40
3 - 5 25
19 - 12 20
17 - 1 35
10 - 1 3
10 - 17 32
10 - 16 38
11 - 5 34
8 - 12 50
7 - 6 0
13 - 2 26
12 - 13 32
4 - 2 45
4 - 3 13
4 - 7 28
15 - 10 20
7 - 8 4
13 - 4 14
13 - 10 0
11 - 10 4
3 - 5 8
9 - 10 34
7 - 6 2
4 - 15 35
12 - 15 16
15 - 8 22
14 - 13 24
10 - 11 24
13 - 3 17
8 - 3 34
13 - 11 6
3 - 10 1
11 - 2 19
11 - 7 7
6 - 3 12
4 - 19 31
3 - 2 34
7 - 6 21
2 - 16 21
3 - 12 11
1 - 6 32
13 - 11 11
6 - 2 14
16 - 13 45
7 - 8 0
1 - 7 38
6 - 8 42
12 - 17 6
6 - 8 11
2 - 1 25
3 - 6 31
18 - 13 11
16 - 17 13
8 - 10 12
